sample	AA	BB	CC	DD	EE	FF	GG	HH	II
1_1	0.49999734966892	0.499997349668891	3.62301696201047e-11	2.35154899756611e-11	4.80655627100188e-09	2.33680707467718e-06	3.11649971080654e-10	4.81618685901333e-09	2.95386097519739e-06
1_3	0.0310996582720468	0.968900261563122	3.16247523760213e-12	1.13453118284096e-14	3.40359342540474e-12	1.68473702717236e-09	3.10912648092639e-12	3.40407793301455e-12	7.84669953601083e-08
1_15	7.35309042036748e-08	7.35309042036758e-08	7.45448176900077e-08	2.54513135477055e-10	8.17280016585314e-08	7.53399280919703e-08	7.45447976006021e-08	0.999999471217845	7.53082919437005e-08
1_23	1.16058031013178e-06	1.16058031013178e-06	6.27847332027017e-09	6.8691286424259e-10	0.000223918846929182	0.999606353872985	5.93304365261675e-09	2.06525114411128e-07	0.000167186695944798
1_25	1.58148453653083e-12	1.58148453653083e-12	0.999999832780773	7.79216059977255e-12	2.29435605750421e-09	4.55673185212604e-12	1.62186086313143e-08	7.46617801901119e-08	7.4028991934353e-08
1_30	0.968985785907863	0.031014133998183	3.15967897667344e-12	1.13352803025298e-14	3.40058396774968e-12	1.68324738252052e-09	3.10637739097377e-12	3.40106804695786e-12	7.83976148347829e-08
1_31	8.42457494067274e-10	8.42457494067274e-10	4.55667236416172e-12	3.99692921510033e-13	1.19892678266639e-10	0.999999877728527	4.34175943459786e-12	1.20124278090027e-10	1.20337240269999e-07
1_32	7.21651931410498e-05	7.21651931410498e-05	7.31601556959985e-05	2.49766309828827e-07	0.919288561992293	7.39094125527029e-05	7.31601506655384e-05	8.02097665369483e-05	0.0802664183696713
1_39	0.757527635097731	0.242472284808333	3.15967897667362e-12	1.13352803025307e-14	3.40058396774983e-12	1.68324738252064e-09	3.10637739097399e-12	3.40106804695805e-12	7.83976148347874e-08
1_44	1.48000674998459e-06	1.48000674998455e-06	2.27448379534976e-05	1.01366602366366e-08	3.04087838377387e-06	6.04514651074208e-09	0.99992038770143	2.25634304055338e-05	2.8286956509269e-05
1_45	1.58148453653078e-12	1.58148453653078e-12	0.999999832780773	7.79216059976900e-12	2.29435605750356e-09	4.55673185212475e-12	1.62186086208814e-08	7.46617801897214e-08	7.40289919339659e-08
1_47	7.35309042036748e-08	7.35309042036758e-08	7.45448176900077e-08	2.54513135477052e-10	8.17280016585314e-08	7.53399280919703e-08	7.45447976006021e-08	0.999999471217845	7.53082919437005e-08
1_66	0.500359282539547	0.498328790566332	9.9176070771163e-12	8.70494843660948e-13	2.61110228723321e-10	0.00131166255001897	9.37607535306742e-12	2.61614984839963e-10	2.63801203787337e-07
1_80	8.42457425758576e-10	8.42457425758576e-10	4.55667629630341e-12	3.99700063371198e-13	1.19892672685624e-10	0.999999877805472	4.34175908381314e-12	1.20124785322991e-10	1.20260286993706e-07
1_89	7.9803301138575e-08	7.9803301138575e-08	7.35452398972547e-08	2.51076032039888e-10	7.66137227716074e-08	1.19386632819833e-07	7.35452348403164e-08	7.53132634943272e-08	0.999999421738206
1_94	7.35309042036758e-08	7.35309042036769e-08	7.45448176900077e-08	2.54513135477055e-10	8.17280016585314e-08	7.53399280919703e-08	7.45447976006032e-08	0.999999471217845	7.53082919437005e-08
2_6	7.35309042036748e-08	7.35309042036748e-08	7.45448176900077e-08	2.54513135476983e-10	8.17280016585117e-08	7.53399280919725e-08	7.45447976005894e-08	0.99999947121776	7.53082919436855e-08
2_11	1.70228027248353e-12	1.70228027248353e-12	2.29474139271995e-09	2.54303004711867e-10	0.999999836164036	1.1991388366861e-10	2.16693402242099e-09	8.1859402880004e-08	7.71372940722478e-08
2_14	7.98033011385773e-08	7.98033011385773e-08	7.35452398972484e-08	2.5107603203986e-10	7.66137227715965e-08	1.19386632819839e-07	7.35452348403101e-08	7.5313263494325e-08	0.99999942173822
2_15	3.49785906906427e-05	3.49785906906407e-05	3.42521790966466e-05	3.06109858808606e-06	0.997996240738498	1.46381341039355e-06	3.29323520232483e-05	0.000920453510165001	0.000941639126841648
2_28	0.50048047468439	0.499519445221673	3.15967897667339e-12	1.13352803025297e-14	3.40058396774963e-12	1.68324738252055e-09	3.10637739097377e-12	3.40106804695781e-12	7.83976148347818e-08
2_46	1.48004016798671e-06	1.48004016798673e-06	2.27448493992928e-05	1.01366639845546e-08	3.04087950758165e-06	6.04479181304239e-09	0.999921059291178	2.25634387421095e-05	2.7615279385698e-05
2_54	0.499970159321825	0.499970159321796	2.14373654533131e-09	9.58562735324191e-12	3.12516070698281e-06	1.14103072689479e-06	2.10666024967665e-09	2.87723813167048e-09	5.54080277137263e-05
2_59	2.33218820220223e-12	2.33218820220223e-12	1.09650803380242e-07	2.91854234122745e-10	8.1031682591956e-08	1.23897921573929e-09	0.0155142901793606	8.1898258674184e-08	0.984485435704411
2_61	0.0310651479368635	0.96893470820401	8.94953079919054e-12	4.26910650752186e-13	1.28073125902715e-10	6.34167068094916e-08	8.67533233449765e-12	1.28312496890523e-10	8.01679884607976e-08
2_62	7.98047254579634e-08	7.98047254579634e-08	7.35465646174308e-08	2.5108055891136e-10	7.66137321780662e-08	1.19463551473793e-07	7.35465595604014e-08	7.53134239638584e-08	0.999999421655641
2_67	1.04424391333939e-09	1.04424391333939e-09	4.29185090348415e-06	4.53234845505691e-06	0.998097143262585	1.43664676648117e-06	4.76947403922341e-05	0.00092063045980925	0.000924268602607863
2_68	0.499999929034577	0.499999929034577	8.94925423711935e-12	4.26897077975712e-13	1.28069054049857e-10	6.3411503091331e-08	8.67514020494763e-12	1.28308417220211e-10	7.82449016649735e-08
2_71	7.35309042036748e-08	7.35309042036748e-08	7.45448176900077e-08	2.54513135476983e-10	8.17280016585117e-08	7.53399280919725e-08	7.45447976005894e-08	0.99999947121776	7.53082919436855e-08
2_73	0.968985785909832	0.0310141339962186	3.15967897667339e-12	1.13352803025298e-14	3.40058396774958e-12	1.68324738252055e-09	3.10637739097381e-12	3.40106804695786e-12	7.8397614834784e-08
2_76	0.969042318952022	0.0309575991176838	3.15695805925249e-12	1.13255206275378e-14	3.39765605000456e-12	1.6818974057131e-09	3.10370184879147e-12	3.39813971272955e-12	8.02353420793165e-08
3_11	0.948836779783924	0.051161506942873	3.47857855616522e-09	2.53583425318496e-08	7.60880913920211e-08	7.45575738763576e-08	3.37179711480245e-09	1.43470385532568e-06	9.57149690271072e-08
3_12	0.958832772456834	0.041167059590037	6.96487906635601e-12	4.98347124488428e-11	1.49504056425134e-10	7.40291407376116e-08	6.75155131810506e-12	1.4978348151975e-10	9.35611784055744e-08
3_16	7.35926670046382e-08	9.81235560061835e-08	4.97382883437136e-08	2.54726873211001e-08	8.17966370399645e-08	7.54031974204697e-08	4.97382749396217e-08	0.999999470763169	7.53715348050812e-08
3_30	7.98705345485378e-08	1.06494046064715e-07	4.9071475503124e-08	2.51287560041362e-08	7.66782595833295e-08	1.19487117124463e-07	4.90714721290161e-08	7.53767138724375e-08	0.999999418821629
3_36	0.0309379668007578	0.969061939634933	2.46080656017494e-12	1.32421250538088e-12	3.97263737244451e-12	1.96640791954298e-09	2.41929584512183e-12	3.97320287841339e-12	9.15837443408088e-08
3_40	0.0309088904106817	0.969090943865849	6.96472529710584e-12	4.98336055875335e-11	1.49500735817212e-10	7.40231256868957e-08	6.75140340038588e-12	1.49780154691535e-10	9.13375046487375e-08
3_43	0.958935305506837	0.0410645988648388	2.45660149817966e-12	1.32194985363569e-12	3.96584939953402e-12	1.96316386533973e-09	2.41516130878956e-12	3.96641393959634e-12	9.36510298241276e-08
3_44	7.35926670046372e-08	9.81235560061835e-08	4.97382883437129e-08	2.54726873211001e-08	8.17966370399645e-08	7.54031974204708e-08	4.9738274939621e-08	0.999999470763169	7.53715348050801e-08
3_46	7.35926670046351e-08	9.81235560061807e-08	4.97382883437122e-08	2.54726873210983e-08	8.17966370399634e-08	7.54031974204697e-08	4.97382749396224e-08	0.999999470763155	7.53715348050791e-08
3_53	0.0309600512567888	0.969039780665278	6.97005403666002e-12	4.98717401064051e-11	1.49615139337691e-10	7.40841450817316e-08	6.75656778389611e-12	1.49894772047754e-10	9.36306952364064e-08
3_55	0.0309597470844224	0.969040157121427	2.46086079030695e-12	1.3242418636917e-12	3.97272544805758e-12	1.96656762789546e-09	2.41934875132603e-12	3.9732909669375e-12	9.38134018190326e-08
3_56	4.23674317030355e-05	5.6489908937381e-05	0.872066381903537	0.0158658316555456	0.0348400128606811	6.82889696433274e-05	1.31420134117013e-05	0.0349099264898432	0.0421375587666756
3_71	7.98705345485264e-08	1.06494046064703e-07	4.90714755031143e-08	2.51287560041333e-08	7.66782595832903e-08	1.19487117124442e-07	4.90714721290008e-08	7.53767138724354e-08	0.999999418821629
3_82	8.43180950437252e-10	1.12424126724968e-09	3.04042112403706e-12	4.00034190328217e-11	1.19992896283009e-10	0.999999877385399	2.89702355284891e-12	1.20225202662421e-10	1.2036100817696e-07
3_84	1.05550562528311e-12	1.40734083371082e-12	0.999999889071581	5.20091960240889e-10	1.5313783696988e-09	3.04123179538718e-12	7.21666818240394e-09	5.10423215460424e-08	5.06124482185039e-08
4_1	1.55401236666407e-12	1.55401236666407e-12	1.62080684243222e-08	7.21839934381098e-12	2.1654345725156e-09	4.33954573487886e-12	0.99999994941537	1.60675823973994e-08	1.61288789197747e-08
4_11	0.49994707937573	0.499947079375773	8.23565071120583e-06	2.8963941479878e-10	8.68916856340183e-08	4.30129364837845e-05	5.88706797577656e-09	1.08625511976467e-07	5.43909673817881e-05
4_14	2.30684418404728e-09	2.30684418404728e-09	3.10915450715575e-06	2.76247584592823e-07	0.999577224139509	0.000223951944757321	2.96038569317149e-06	8.88879224992532e-05	0.000103585591758602
4_22	0.969042276668827	0.0309575796173412	8.94154519559603e-12	4.26529398151993e-13	1.27958750184544e-10	6.33606288455485e-08	8.66766582460563e-12	1.28197907207156e-10	8.00790316369613e-08
4_32	1.70228027248353e-12	1.70228027248353e-12	2.29474139272008e-09	2.5430300471186e-10	0.999999836164007	1.1991388366861e-10	2.16693402242099e-09	8.18594028800063e-08	7.71372940722467e-08
4_33	1.03536628918955e-09	1.03536628918955e-09	2.29582635834794e-09	4.21108144061973e-10	1.26279970416071e-07	0.999999667830336	2.16951230640314e-09	7.68184312520703e-08	1.2211408427553e-07
4_35	1.58155378943888e-12	1.58155378943888e-12	0.999999829156068	7.79297014829312e-12	2.29459200607938e-09	4.55693139197392e-12	1.62193188461834e-08	7.64793126468757e-08	7.58352024983656e-08
4_36	7.35309042036832e-08	7.35309042036832e-08	7.45448176900119e-08	2.54513135477063e-10	8.17280016585372e-08	7.53399280919703e-08	7.45447976006064e-08	0.999999471217845	7.53082919437026e-08
4_50	9.53391777827755e-11	9.53391777827755e-11	9.746155306547e-08	3.31806852271922e-10	9.93303030962771e-08	1.56016821502929e-08	7.47336123119502e-06	0.999984503019474	7.81070325850965e-06
4_55	1.55401236666411e-12	1.55401236666411e-12	1.62080684243229e-08	7.21839934381139e-12	2.16543457251572e-09	4.33954573487898e-12	0.99999994941537	1.60675823974001e-08	1.61288789197754e-08
4_58	1.70228027248382e-12	1.70228027248382e-12	2.29474139272047e-09	2.54303004711903e-10	0.999999836164007	1.1991388366863e-10	2.16693402242133e-09	8.18594028800203e-08	7.7137294086678e-08
4_60	0.500471324099554	0.499528593897728	3.15974872723567e-12	1.13355320902227e-14	3.40065948868778e-12	1.68338415883211e-09	3.10644543968382e-12	3.40114357895791e-12	8.03062680137289e-08
4_61	7.98047254579702e-08	7.98047254579702e-08	7.35465646174381e-08	2.5108055891136e-10	7.66137321889515e-08	1.19463551473805e-07	7.35465595604046e-08	7.53134239638658e-08	0.999999421655613
4_67	1.70228029308452e-12	1.70228029308452e-12	2.29474164023994e-09	2.54304369430777e-10	0.999999836152866	1.19913885145623e-10	2.16693404905065e-09	8.18705394754319e-08	7.71372950825221e-08
4_68	1.58155378943879e-12	1.58155378943879e-12	0.999999829156068	7.79297014828958e-12	2.2945920060786e-09	4.55693139197263e-12	1.62193188357486e-08	7.64793126464714e-08	7.58352024979647e-08
5_3	1.70260694201911e-12	1.70260694201911e-12	2.29518175597697e-09	2.54351730149517e-10	0.999999820344003	1.19936895705224e-10	2.16734986723737e-09	8.18750874185503e-08	9.29407087944894e-08
5_11	1.70228027248356e-12	1.70228027248356e-12	2.29474139272008e-09	2.5430300471186e-10	0.999999836164007	1.19913883668611e-10	2.16693402242096e-09	8.18594028800051e-08	7.71372940722467e-08
5_12	4.17008279577363e-09	4.17008279577363e-09	0.997134065935517	1.42293892989841e-08	3.00476455783256e-07	0.00286459002692188	7.95678933066875e-08	3.66869133193592e-07	5.74554505150856e-07
5_13	0.0312781905776579	0.968721667365942	8.95717115845383e-12	4.27274730738121e-13	1.28182349817239e-10	6.34675998194298e-08	8.68281463241867e-12	1.28421924739246e-10	7.83141206987435e-08
5_14	7.35309042036748e-08	7.35309042036758e-08	7.45448176900077e-08	2.54513135477052e-10	8.17280016585314e-08	7.53399280919693e-08	7.45447976006021e-08	0.999999471217845	7.53082919437005e-08
5_17	7.98047254579702e-08	7.98047254579702e-08	7.35465646174423e-08	2.51080558911374e-10	7.66137321889515e-08	1.19463551473811e-07	7.35465595604087e-08	7.53134239638701e-08	0.999999421655613
5_18	1.55401236666413e-12	1.55401236666413e-12	1.62080684347515e-08	7.21839934381139e-12	2.16543457251566e-09	4.33954573487905e-12	0.99999994941537	1.60675823974008e-08	1.61288789197763e-08
5_25	0.0310651488907916	0.968934771015276	3.15967897667348e-12	1.13352803025302e-14	3.40058396774973e-12	1.6832473825206e-09	3.10637739097386e-12	3.40106804695795e-12	7.83976148347852e-08
5_26	0.968985680770457	0.0310141753886161	8.94945179366483e-12	4.26906558524389e-13	1.28071898235018e-10	6.34166557418745e-08	8.67533024371561e-12	1.28311266733207e-10	8.01498418496318e-08
5_29	0.499999958998615	0.499999958998615	3.15974872723617e-12	1.13355320902245e-14	3.40065948868826e-12	1.68338415883225e-09	3.10644543968422e-12	3.40114357895834e-12	8.03062680137391e-08
5_34	2.2377652602095e-09	2.2377652602095e-09	1.18113947523094e-08	1.30868856463286e-09	0.999985067357011	7.7608597709197e-10	6.34457802596785e-06	4.21262980963934e-07	8.1484302338155e-06
5_41	0.031221095847329	0.968778760311752	8.94945179366509e-12	4.26906558524407e-13	1.28071898235024e-10	6.34166557418763e-08	8.67533024371573e-12	1.28311266733212e-10	8.0149841849634e-08
5_42	1.55401236693872e-12	1.55401236693872e-12	1.62080684271843e-08	7.21839934508574e-12	2.16543457289798e-09	4.33954625704854e-12	0.99999994941537	1.60675824002367e-08	1.61288808789705e-08
5_47	1.55401236666413e-12	1.55401236666413e-12	1.6208068424324e-08	7.21839934381129e-12	2.16543457251557e-09	4.33954573487905e-12	0.999999949415384	1.60675823973999e-08	1.61288789197751e-08
5_66	8.4245742575857e-10	8.4245742575857e-10	4.55667629630337e-12	3.99700063371189e-13	1.19892672685625e-10	0.999999877805479	4.34175908381311e-12	1.20124785322985e-10	1.20260286993705e-07
6_4	1.58148453653074e-12	1.58148453653074e-12	0.999999832780773	7.79216059976900e-12	2.29435605750356e-09	4.55673185212475e-12	1.62186086208814e-08	7.46617801897214e-08	7.40289919339659e-08
6_7	8.42457425758552e-10	8.42457425758552e-10	4.55667629630334e-12	3.99700063371147e-13	1.19892672685617e-10	0.999999877805472	4.34175908381302e-12	1.20124785322976e-10	1.20260286993687e-07
6_9	0.969020431846966	0.0309794263475889	8.94134818173141e-12	4.26519943540349e-13	1.27955913780511e-10	6.33554833557752e-08	8.66747631059981e-12	1.28195065489836e-10	7.81757776340681e-08
6_11	8.42457425758576e-10	8.42457425758576e-10	4.55667629630347e-12	3.99700063371158e-13	1.19892672685627e-10	0.999999877805472	4.34175908381314e-12	1.20124785322982e-10	1.20260286993705e-07
6_19	0.0311216365241815	0.968878219507599	8.95737153094996e-12	4.27284345663378e-13	1.28185234315369e-10	6.34727757439194e-08	8.68300739958782e-12	1.2842481464057e-10	8.02207697349925e-08
6_22	0.00902189859429056	0.00902189859401055	4.02924848890287e-11	2.10210529025121e-12	6.30616370105457e-10	3.66158671533665e-07	3.9616555960275e-11	6.31802526054634e-10	0.981955835308604
6_24	7.98047254579622e-08	7.98047254579622e-08	7.35465646174308e-08	2.51080558911356e-10	7.66137321780434e-08	1.19463551473793e-07	7.35465595604014e-08	7.53134239638584e-08	0.999999421655641
6_31	1.70228027248353e-12	1.70228027248353e-12	2.29474139272008e-09	2.5430300471186e-10	0.999999836164007	1.1991388366861e-10	2.16693402242096e-09	8.18594028800063e-08	7.71372940722467e-08
6_33	0.000785654728254297	0.000785654728254275	6.2642031686833e-09	5.49861943487356e-10	1.64934719970324e-07	0.998264322960629	5.92212294320698e-09	1.65254264650735e-07	0.000164024657673899
6_35	1.55401236666411e-12	1.55401236666411e-12	1.62080684243229e-08	7.21839934381139e-12	2.16543457251566e-09	4.33954573487898e-12	0.99999994941537	1.60675823974001e-08	1.61288789197754e-08
6_36	1.58155378943883e-12	1.58155378943883e-12	0.999999829156068	7.7929701482898e-12	2.29459200607866e-09	4.55693139197276e-12	1.62193188357496e-08	7.64793126464736e-08	7.58352024979691e-08
6_50	8.42457494067256e-10	8.42457494067256e-10	4.55667236416162e-12	3.99692921510025e-13	1.19892678266636e-10	0.999999877728563	4.34175943459764e-12	1.20124278090029e-10	1.20337240270017e-07
6_59	4.23840194012658e-07	4.23840194012658e-07	2.294582789632e-09	2.5428542833398e-10	0.999930720287601	2.98566132384092e-05	2.16678425285275e-09	8.18537450947211e-08	3.84888493743867e-05
6_66	8.4245749406728e-10	8.4245749406728e-10	4.55667236416175e-12	3.99692921510036e-13	1.19892678266641e-10	0.99999987772852	4.34175943459789e-12	1.20124278090029e-10	1.20337240270002e-07
6_70	1.58148453653083e-12	1.58148453653083e-12	0.999999832780773	7.79216059976923e-12	2.29435605750356e-09	4.55673185212475e-12	1.62186086208814e-08	7.46617801897193e-08	7.40289919339659e-08
7_13	7.35926670046382e-08	9.81235560061849e-08	4.97382883437136e-08	2.54726873210998e-08	8.17966370399645e-08	7.54031974204697e-08	4.97382749396217e-08	0.999999470763169	7.53715348050812e-08
7_17	8.43180950437264e-10	1.12424126724969e-09	3.04042112403702e-12	4.00034190328188e-11	1.19992896282999e-10	0.999999877385399	2.89702355284883e-12	1.20225202662412e-10	1.20361008176953e-07
7_20	7.35926670046508e-08	9.81235560062072e-08	4.97382883437108e-08	2.54726873211005e-08	8.17966370399611e-08	7.5403197420474e-08	4.97382749396203e-08	0.999999470763184	7.53715348050855e-08
7_3	1.70384911367219e-12	2.27179881822961e-12	1.53125150944978e-09	2.54528186064371e-08	0.999999812308541	1.20021460029651e-10	1.44596962434907e-09	8.19318891668954e-08	7.72055228195576e-08
7_33	7.35926670046382e-08	9.81235560061835e-08	4.97382883437136e-08	2.54726873211001e-08	8.17966370399645e-08	7.54031974204697e-08	4.97382749396217e-08	0.999999470763169	7.53715348050812e-08
7_38	1.70158812759644e-12	2.2687841701286e-12	5.30319489554566e-08	2.71941537886058e-08	1.17758434046121e-07	2.59463448389669e-10	4.28286783476655e-08	7.62533771280785e-08	0.999999682669974
7_47	2.26899133424038e-07	3.0253217789871e-07	3.41922819369922e-07	0.336263269033277	0.00111803896919434	0.662549825009631	3.16911784191605e-07	4.09258074767976e-05	2.67529144777854e-05
7_50	7.56822739815361e-10	1.00909698642049e-09	0.702343326692221	9.77077523170074e-07	1.09816782856731e-06	2.18089784885496e-09	6.53498787772567e-06	0.297611654001876	3.64051258708503e-05
7_53	8.43180950437264e-10	1.12424126724969e-09	3.04042112403711e-12	4.00034190328223e-11	1.19992896283023e-10	0.999999877385456	2.89702355284916e-12	1.20225202662419e-10	1.20361008176963e-07
7_54	7.98719587627071e-08	1.06495945016943e-07	4.90723593934899e-08	2.5129209072353e-08	7.66782690021077e-08	1.19564099076864e-07	4.90723560193184e-08	7.53768744811907e-08	0.999999418738922
7_55	8.43181018475599e-10	1.12424135796747e-09	3.04041849919329e-12	4.00027042637407e-11	1.19992901906372e-10	0.999999877308391	2.89702378563054e-12	1.20224695040705e-10	1.20438027331776e-07
7_6	0.0018906832262997	0.000107287852915555	2.22021615057351e-09	3.93508871921328e-08	0.998001651555555	9.39215026587081e-08	2.08859482131865e-09	1.18328045746406e-07	1.21456010750058e-07
7_65	1.70384911367217e-12	2.27179881822957e-12	1.53125150944976e-09	2.54528186064375e-08	0.999999812308548	1.20021460029643e-10	1.44596962434905e-09	8.19318891668919e-08	7.72055228195555e-08
7_69	8.43180950437312e-10	1.12424126724976e-09	3.04042112403728e-12	4.00034190328223e-11	1.19992896283009e-10	0.999999877385456	2.89702355284916e-12	1.20225202662426e-10	1.20361008176963e-07
7_70	0.0309040962039252	0.96909580807302	2.4590337037218e-12	1.32325866929303e-12	3.96977586496708e-12	1.96510753338473e-09	2.41755248569996e-12	3.9703409639737e-12	9.37437492776886e-08
8_11	0.42856950397295	0.571430166200479	1.07712111547878e-10	5.39003965493861e-11	1.62090313431684e-10	8.62201516773817e-08	5.18136261759132e-11	1.36605842770407e-07	1.06625042932456e-07
8_2	8.43180950437252e-10	1.12424126724968e-09	3.04042112403706e-12	4.00034190328217e-11	1.19992896283008e-10	0.999999877385399	2.89702355284891e-12	1.20225202662421e-10	1.20361008176967e-07
8_37	1.0371158110969e-12	1.38282108146255e-12	7.21137272306353e-09	4.81741364163953e-10	1.44516721059006e-09	2.89612534981431e-12	0.999999969368887	1.07232972406379e-08	1.07642070729701e-08
8_38	1.0634966155522e-09	1.41799548740292e-09	5.97249178411443e-07	6.2384055922369e-08	7.66008632907917e-08	0.999999053539156	1.08400619376452e-08	7.68023338709408e-08	1.2010285884972e-07
8_43	8.43181018475611e-10	1.12424135796747e-09	3.04041849919316e-12	4.00027042637395e-11	1.1999290190637e-10	0.999999877308391	2.8970237856305e-12	1.20224695040704e-10	1.20438027331773e-07
8_5	1.03778957440479e-12	1.38371943253969e-12	7.21353238833207e-09	4.81929172812272e-10	1.44557366943663e-09	3.39146573920183e-12	0.999999967098262	1.09615406407264e-08	1.2793357747214e-08
8_51	0.963325090228966	0.0366748162762223	2.45897941384425e-12	1.32322928517238e-12	3.96968769330322e-12	1.96494786377486e-09	2.41749952042969e-12	3.97025277937638e-12	9.15157378680463e-08
8_52	1.70384911367229e-12	2.27179881822974e-12	1.53125150944982e-09	2.54528186064382e-08	0.999999812308534	1.20021460029663e-10	1.44596962434909e-09	8.19318891669001e-08	7.72055228195642e-08
8_55	1.70384911367229e-12	2.27179881822974e-12	1.53125150944982e-09	2.54528186064353e-08	0.999999812308534	1.2002146002966e-10	1.44596962434909e-09	8.19318891669001e-08	7.7205522819562e-08
8_58	1.05550562528312e-12	1.40734083371082e-12	0.999999889071595	5.20091960240882e-10	1.5313783696988e-09	3.04123179538718e-12	7.21666818240394e-09	5.10423215460438e-08	5.06124482185039e-08
8_66	0.958906536999455	0.0410933673722208	2.4566016302236e-12	1.32194992469136e-12	3.96584961270097e-12	1.96316397086108e-09	2.41516143860603e-12	3.96641415279369e-12	9.36510348579332e-08
8_69	2.30780162491278e-09	3.07706883321706e-09	2.07364889494585e-06	2.76355457088833e-05	0.999551816561772	0.000223945677371307	1.97443120073292e-06	8.89226353351112e-05	0.000103626114828473
8_73	2.25468131797428e-12	3.00624175729906e-12	0.000385407004390637	6.81349828911988e-10	2.00619826841668e-09	4.01740225965476e-12	0.999614483642523	5.35824847503293e-08	5.30738022152027e-08
8_75	0.73728654313201	0.262713289011458	6.96087165478155e-12	4.98060388420817e-11	1.49418035651411e-10	7.39865462815391e-08	6.74766664980841e-12	1.49697299972034e-10	9.35073457193616e-08
8_78	0.428569803117008	0.571426404156014	3.09251045582713e-10	8.59900012582339e-12	1.62490380106952e-11	7.95322422033552e-09	2.42632246265982e-12	1.62641294795638e-11	3.78442094938667e-06
9_10	1.70228027248349e-12	1.70228027248349e-12	2.29474139271995e-09	2.54303004711867e-10	0.999999836164007	1.19913883668613e-10	2.16693402242106e-09	8.18594028800063e-08	7.71372940722456e-08
9_21	7.98047254579566e-08	7.98047254579566e-08	7.35465646174297e-08	2.51080558911345e-10	7.6613732178051e-08	1.19463551473791e-07	7.35465595603962e-08	7.53134239638616e-08	0.999999421655613
9_23	0.499989228762391	0.499989228762448	3.1974186634016e-12	1.15006014913398e-14	3.44938147925756e-12	3.64279540446104e-08	3.14346637886981e-12	3.45017004845615e-12	2.15060339874877e-05
9_24	7.9803301138575e-08	7.9803301138575e-08	7.35452398972547e-08	2.51076032039888e-10	7.66137227716292e-08	1.19386632819833e-07	7.35452348403164e-08	7.53132634943272e-08	0.999999421738206
9_28	8.42457425758552e-10	8.42457425758552e-10	4.55667629630334e-12	3.99700063371147e-13	1.19892672685617e-10	0.999999877805472	4.34175908381302e-12	1.20124785322976e-10	1.20260286993687e-07
9_52	0.969042380351789	0.030957537717934	3.15695717420106e-12	1.13255173992821e-14	3.39765509746605e-12	1.68189693411517e-09	3.10370097870188e-12	3.3981387600637e-12	8.02353182539627e-08
9_53	0.969042382822417	0.030957535247303	3.15695717418634e-12	1.13255173992293e-14	3.39765509745021e-12	1.68189693410733e-09	3.10370097868741e-12	3.39813876004786e-12	8.02353182535887e-08
9_54	3.22188591405007e-05	3.22188591405025e-05	2.6237574634762e-09	4.13607228084995e-09	1.24044534911092e-06	0.999006978090302	1.43797771433148e-10	1.24293092071851e-06	0.000926093911557796
9_56	1.70228027248356e-12	1.70228027248356e-12	2.29474139272005e-09	2.54303004711864e-10	0.999999836164007	1.19913883668611e-10	2.16693402242096e-09	8.18594028800051e-08	7.71372940722467e-08
9_65	0.968985768381852	0.0310141496154241	3.15974872700788e-12	1.13355320894055e-14	3.40065948844132e-12	1.68338415871071e-09	3.10644543945987e-12	3.40114357871276e-12	8.03062617210438e-08
9_67	0.0312211117671865	0.968778744391888	8.94945179366483e-12	4.26906558524407e-13	1.28071898235022e-10	6.34166557418754e-08	8.67533024371561e-12	1.28311266733211e-10	8.0149841849634e-08
9_69	0.499997113540207	0.499997095796949	9.20749244375046e-12	8.08520876109682e-13	2.42539072133546e-10	5.54534174813895e-06	8.7047271353721e-12	2.42994541051342e-10	2.4481684361078e-07
9_70	0.500471294135211	0.49952856393394	8.94925423711833e-12	4.2689707797564e-13	1.28069054049842e-10	6.34115030913238e-08	8.67514020494665e-12	1.28308417220197e-10	7.82449016523642e-08
9_71	6.07491566650175e-05	3.68858292609147e-06	2.62367165529166e-09	4.13592927183442e-09	1.24044565016893e-06	0.999006950646933	1.43797769346547e-10	1.24293124128343e-06	0.000926121333188281
9_9	1.55402160844901e-12	1.55402160844901e-12	1.62147350463594e-08	7.21844626857383e-12	2.17395461699278e-09	4.33957442869015e-12	0.999999945103129	2.03639395244167e-08	1.61295706670633e-08
10_10	1.55401236666413e-12	1.55401236666413e-12	1.62080684243236e-08	7.21839934381108e-12	2.16543457251557e-09	4.33954573487892e-12	0.999999949415384	1.60675823973994e-08	1.61288789197751e-08
10_15	8.42457425758576e-10	8.42457425758576e-10	4.55667629630334e-12	3.99700063371192e-13	1.19892672685624e-10	0.999999877805472	4.34175908381314e-12	1.20124785322989e-10	1.20260286993694e-07
10_17	7.35309042036769e-08	7.35309042036769e-08	7.45448176900098e-08	2.54513135477059e-10	8.17280016585338e-08	7.53399280919714e-08	7.45447976006032e-08	0.999999471217845	7.53082919437016e-08
10_18	8.4245749406728e-10	8.4245749406728e-10	4.55667236416175e-12	3.99692921510036e-13	1.19892678266636e-10	0.999999877728563	4.34175943459789e-12	1.20124278090029e-10	1.20337240270017e-07
10_21	0.500595741103017	0.499404178803012	3.159678976698e-12	1.13352803558161e-14	3.40058396778235e-12	1.6832473826125e-09	3.1063773909664e-12	3.40106804698367e-12	7.83976100114523e-08
10_29	0.500452577939972	0.499510354786597	8.37867622350858e-08	5.6722025795943e-09	6.17242897711277e-09	3.00744944077779e-06	1.03464779383705e-10	2.93031027786004e-05	4.66098638803083e-06
10_36	7.35309042036758e-08	7.35309042036769e-08	7.45448176900088e-08	2.54513135477055e-10	8.17280016585326e-08	7.53399280919703e-08	7.45447976006032e-08	0.999999471217845	7.53082919437005e-08
10_37	1.58148453653199e-12	1.58148453653199e-12	0.999999832780759	7.79216059993001e-12	2.29435605753669e-09	4.55673185218924e-12	1.62186091290153e-08	7.46617802089087e-08	7.40289919528979e-08
10_38	1.67402807277972e-09	1.67402807277972e-09	2.25665504266074e-06	2.49695396022597e-07	0.91901205569893	1.17925886550609e-07	2.13100949964473e-06	8.03760265809115e-05	0.0809028096406078
10_41	0.493581663755578	0.493581663755585	6.54865442964069e-07	2.18625271306901e-09	6.56146227418093e-07	0.00275192512969737	6.61183697834188e-07	0.00789345989447955	0.0021893130830437
10_43	7.35309042036758e-08	7.35309042036758e-08	7.45448176900088e-08	2.54513135477052e-10	8.17280016585314e-08	7.53399280919693e-08	7.45447976006032e-08	0.999999471217845	7.53082919437016e-08
10_47	8.49778245236559e-10	8.49778245236559e-10	2.29474186796897e-09	2.54305242730345e-10	0.999999774933567	5.98370943500432e-08	2.16693441477787e-09	8.18601155934668e-08	7.6953687704163e-08
10_5	0.499999851440719	0.49999985121616	9.1866612356849e-12	1.00491598027584e-12	3.08201757701906e-10	1.29866603529463e-07	8.68072146336603e-12	3.02134086798497e-10	1.66847295026002e-07
10_8	0.499947079375744	0.499947079375744	8.23565071120536e-06	2.8963941479878e-10	8.68916856340159e-08	4.30129364837808e-05	5.88706797577623e-09	1.08625511976467e-07	5.43909673817866e-05
10_9	7.98033011385886e-08	7.98033011385886e-08	7.3545239897263e-08	2.51076032039917e-10	7.66137227825079e-08	1.19386632819846e-07	7.35452348403248e-08	7.53132634943357e-08	0.999999421738206
11_21	8.43181018475611e-10	1.12424135796747e-09	3.04041849919321e-12	4.00027042637418e-11	1.19992901906376e-10	0.999999877308391	2.89702378563054e-12	1.20224695040705e-10	1.2043802733178e-07
11_3	1.0371158110969e-12	1.38282108146255e-12	7.21137272306312e-09	4.81741364163925e-10	1.44516721059002e-09	2.89612534981431e-12	0.999999969368901	1.07232972406376e-08	1.07642070729743e-08
11_30	6.76283237674374e-06	9.01710983565888e-06	4.48959196160269e-06	2.74481987084694e-05	8.82672226162258e-05	8.12246155345014e-05	0.00698796200214353	0.9927134945691	8.13338577519377e-05
11_32	0.958861647561919	0.0411381844849204	6.96487906635571e-12	4.98347124488399e-11	1.49504056425119e-10	7.40291407376032e-08	6.75155131810429e-12	1.49783481519724e-10	9.35611784055638e-08
11_39	7.98719587627071e-08	1.06495945016943e-07	4.90723593934885e-08	2.51292090723541e-08	7.6678269002111e-08	1.19564099076869e-07	4.90723560193198e-08	7.53768744811928e-08	0.999999418738936
11_4	7.98719587627207e-08	1.06495945016962e-07	4.90723593934982e-08	2.51292090723559e-08	7.66782690143294e-08	1.19564099076885e-07	4.90723560193268e-08	7.53768744812036e-08	0.999999418738922
11_49	0.0309597450740698	0.969040086847984	6.9700540364331e-12	4.98717401047814e-11	1.49615139332824e-10	7.40841450793238e-08	6.75656778367614e-12	1.49894772042879e-10	9.36306952333607e-08
11_52	1.05550562528308e-12	1.4073408337107e-12	0.999999889071552	5.2009196024086e-10	1.53137836969867e-09	3.04123179538718e-12	7.21666818240292e-09	5.10423215460395e-08	5.06124482184982e-08
11_55	0.958935163514557	0.0410646686984911	6.95799018089421e-12	4.97854214815583e-11	1.49356183603289e-10	7.39559193267908e-08	6.74487343277734e-12	1.49635332321644e-10	9.34686380706056e-08
11_61	1.03711581197416e-12	1.38282108263222e-12	7.21137272180385e-09	4.81741364079816e-10	1.44516721033762e-09	2.89612500186704e-12	0.999999969368901	1.07232972387648e-08	1.07642057674481e-08
11_63	7.35926670046508e-08	9.81235560062072e-08	4.97382883437108e-08	2.54726873211005e-08	8.17966370399611e-08	7.5403197420474e-08	4.97382749396203e-08	0.999999470763184	7.53715348050855e-08
11_65	1.0371158110969e-12	1.38282108146255e-12	7.21137272306353e-09	4.8174136416396e-10	1.44516721059006e-09	2.89612534981431e-12	0.999999969368901	1.07232972406379e-08	1.07642070729702e-08
11_7	2.16556128726516e-09	2.8874150496869e-09	1.50511482880262e-05	1.00546334089644e-06	3.01627130199754e-06	8.25981497266427e-06	0.999921980615529	2.2381059841541e-05	2.83005737322707e-05
11_71	7.35926670046382e-08	9.81235560061835e-08	4.97382883437136e-08	2.54726873211001e-08	8.17966370403295e-08	7.54031974204697e-08	4.97382749396224e-08	0.999999470763169	7.53715348052611e-08
11_74	7.35926670046372e-08	9.81235560061821e-08	4.97382883437122e-08	2.54726873210994e-08	8.17966370399634e-08	7.54031974204687e-08	4.97382749396203e-08	0.999999470763155	7.53715348050801e-08
12_1	7.98719587627025e-08	1.06495945016937e-07	4.90723593934871e-08	2.51292090723516e-08	7.66782690021034e-08	1.19564099076864e-07	4.90723560193156e-08	7.53768744811907e-08	0.999999418738922
12_104	7.35926670046372e-08	9.81235560061835e-08	4.97382883437129e-08	2.54726873210998e-08	8.17966370399645e-08	7.54031974204697e-08	4.9738274939621e-08	0.999999470763169	7.53715348050801e-08
12_117	8.43181018475623e-10	1.12424135796747e-09	3.04041849919312e-12	4.00027042637429e-11	1.19992901906369e-10	0.999999877308376	2.8970237856305e-12	1.20224695040705e-10	1.20438027331776e-07
12_21	7.83474447563362e-05	0.000104463259675116	4.81357024104348e-05	2.46495610550316e-05	0.0802649051852073	0.000117208547385495	4.81357044486643e-05	7.39393112186104e-05	0.919240215283849
12_25	7.35926670046508e-08	9.81235560062072e-08	4.97382883437108e-08	2.54726873211005e-08	8.17966370399611e-08	7.5403197420474e-08	4.97382749396203e-08	0.999999470763184	7.53715348050855e-08
12_34	8.43180950478459e-10	1.12424126730459e-09	3.04042112418539e-12	4.00034190347687e-11	1.19992896288848e-10	0.999999877385371	2.89702355299029e-12	1.20225202669216e-10	1.20361053337255e-07
12_36	8.43181018475611e-10	1.12424135796747e-09	3.04041849919325e-12	4.00027042637407e-11	1.19992901906372e-10	0.999999877308391	2.89702378563054e-12	1.20224695040707e-10	1.20438027331776e-07
12_37	1.73060982077997e-12	2.30747976103998e-12	1.55540680705771e-09	2.63306614148816e-08	4.5132110731402e-05	1.21691622512378e-10	1.46884868192179e-09	0.999954718973217	1.19435405742094e-07
12_39	8.43181018475623e-10	1.1242413579675e-09	3.04041849919321e-12	4.00027042637395e-11	1.19992901906372e-10	0.999999877308376	2.8970237856305e-12	1.20224695040705e-10	1.20438027331773e-07
12_40	0.0309424633650438	0.969043900504513	1.81115529581608e-06	9.0142554246919e-08	1.4400645238637e-07	1.93590659068259e-07	1.10154293350024e-05	1.43855825415881e-07	2.37950326383177e-07
12_41	1.04551847890734e-12	1.39402463854312e-12	7.26111737384997e-09	4.8506446130053e-10	1.45513610962516e-09	2.92197611724349e-12	0.999999867750711	1.07972675515164e-08	1.12245358546938e-07
12_48	7.35926670046508e-08	9.81235560062072e-08	4.97382883437108e-08	2.54726873211005e-08	8.17966370399611e-08	7.54031974204783e-08	4.97382749396203e-08	0.999999470763184	7.53715348050855e-08
12_66	0.371299393607776	0.495065858143648	5.13439089621912e-05	2.56740976529534e-05	7.18296684187691e-05	0.133240324957939	5.08773095011229e-05	7.18707195875705e-05	0.000122827586534054
12_84	8.43180950437264e-10	1.12424126724969e-09	3.04042112403702e-12	4.00034190328188e-11	1.19992896282999e-10	0.999999877385399	2.89702355284883e-12	1.20225202662412e-10	1.2036100817696e-07
12_86	8.43180950437252e-10	1.12424126724968e-09	3.04042112403706e-12	4.00034190328217e-11	1.19992896283008e-10	0.999999877385399	2.89702355284895e-12	1.20225202662421e-10	1.20361008176967e-07
13_107	0.0311958955834618	0.968708790217499	6.07313225767069e-09	2.89498777039261e-10	8.68495860871324e-08	4.33519529223187e-05	8.26206223936616e-06	8.70117877994713e-08	4.35199598750648e-05
13_21	1.55401236693872e-12	1.55401236693872e-12	1.62080684271944e-08	7.21839934508574e-12	2.16543457289789e-09	4.33954625704854e-12	0.999999949415356	1.60675824002362e-08	1.61288808789636e-08
13_22	1.70228027248358e-12	1.70228027248358e-12	2.29474139272008e-09	2.54303004711867e-10	0.999999836164007	1.19913883668616e-10	2.16693402242099e-09	8.18594028800098e-08	7.713729407225e-08
13_23	8.42457425758576e-10	8.42457425758576e-10	4.55667629630341e-12	3.99700063371198e-13	1.19892672685624e-10	0.999999877805472	4.34175908381314e-12	1.20124785322991e-10	1.20260286993694e-07
13_25	0.499999958179644	0.49999995817953	3.1644009393032e-12	1.41480084656762e-14	6.98053428906711e-12	1.68502838528264e-09	3.10947960334242e-12	4.24668983917541e-12	8.19382777369479e-08
13_28	8.42457425758492e-10	8.42457425758492e-10	4.55667629630341e-12	3.99700063371221e-13	1.19892672685619e-10	0.999999877805472	4.34175908381296e-12	1.20124785322984e-10	1.20260286990203e-07
13_3	1.55401236693874e-12	1.55401236693874e-12	1.6208068427185e-08	7.21839934508584e-12	2.16543457289804e-09	4.33954625704866e-12	0.999999949415356	1.60675824002369e-08	1.61288808789707e-08
13_30	0.0310651657395202	0.96893475416654	3.15967897669746e-12	1.13352803558145e-14	3.40058396778177e-12	1.68324738261231e-09	3.106377390966e-12	3.40106804698309e-12	7.83976100114534e-08
13_31	0.0311082481316142	0.968891671720691	3.16179970478923e-12	1.1342888368987e-14	3.40286638760423e-12	1.68437715237255e-09	3.10846234388198e-12	3.403350791719e-12	7.84502341126331e-08
13_33	7.35309042036811e-08	7.35309042036811e-08	7.45448176900119e-08	2.54513135477063e-10	8.17280016585349e-08	7.53399280919703e-08	7.45447976006043e-08	0.999999471217845	7.53082919437005e-08
13_36	0.499999958998615	0.499999958998644	3.15974872700815e-12	1.13355320894075e-14	3.4006594884417e-12	1.68338415871087e-09	3.10644543946014e-12	3.4011435787131e-12	8.03062617210484e-08
13_4	8.42457650688864e-10	8.42457650688864e-10	4.55668066901007e-12	3.99900859579016e-13	1.19952545508004e-10	0.999999877894887	4.34175938766027e-12	1.20190163459692e-10	1.20170738601744e-07
13_41	7.35309042036811e-08	7.35309042036811e-08	7.45448176900098e-08	2.54513135477055e-10	8.17280016585349e-08	7.53399280919703e-08	7.45447976006043e-08	0.999999471217845	7.53082919437005e-08
13_5	0.499999894803121	0.499999894803107	3.16050962779655e-12	1.22355648413581e-14	3.63519596560209e-12	1.88631577732644e-09	3.10666449452326e-12	3.63643113989417e-12	2.08493891263013e-07
13_60	0.500381613238401	0.499439874926377	9.46908733496014e-12	8.31127249150774e-13	2.49301624939122e-10	0.000178259445976478	8.95204616264753e-12	2.49783553665898e-10	2.51870908415643e-07
14_11	1.70384911367248e-12	2.27179881822999e-12	1.53125150945004e-09	2.54528186064422e-08	0.999999812308548	1.20021460029667e-10	1.44596962434932e-09	8.19318891669071e-08	7.72055228343429e-08
14_12	0.0308538835570739	0.967521214118658	1.42725631310964e-09	7.67503693699949e-10	2.30251098700965e-09	0.00157005163832267	1.41422735973405e-09	2.30283553871238e-09	5.48424716007451e-05
14_13	0.00273256623899934	0.0029696598860857	1.84992286930179e-06	2.63106976392835e-05	0.887912705260317	0.106175594716215	1.74111869323446e-06	7.90806655185333e-05	0.000100491493660902
14_25	8.43180950437246e-10	1.12424126724967e-09	3.04042112403704e-12	4.00034190328203e-11	1.19992896283007e-10	0.999999877385406	2.89702355284889e-12	1.20225202662418e-10	1.20361008176954e-07
14_32	8.43180950437288e-10	1.12424126724972e-09	3.04042112403702e-12	4.000341903282e-11	1.19992896282999e-10	0.999999877385399	2.89702355284891e-12	1.20225202662412e-10	1.20361008176953e-07
14_36	7.35926670046215e-08	9.81235560061458e-08	4.97382883436995e-08	2.54726873210933e-08	8.17966370399611e-08	7.5403197420474e-08	4.97382749396232e-08	0.999999470763127	7.53715348050812e-08
14_39	7.98719587627161e-08	1.06495945016955e-07	4.90723593934955e-08	2.51292090723544e-08	7.6678269014325e-08	1.19564099076878e-07	4.9072356019324e-08	7.53768744811993e-08	0.999999418738922
14_5	0.0309597477242821	0.969040158711386	2.46080646022416e-12	1.32421245780971e-12	3.97263721109458e-12	1.96640783975555e-09	2.41929574683255e-12	3.97320271703236e-12	9.15837349796318e-08
14_67	7.3592667004634e-08	9.81235560061793e-08	4.97382883437193e-08	2.54726873211012e-08	8.17966370399657e-08	7.54031974204762e-08	4.9738274939626e-08	0.999999470763155	7.53715348050833e-08
14_70	0.958861661665694	0.0411382448394504	2.45897941382573e-12	1.32322927895259e-12	3.96968769326644e-12	1.9649478636778e-09	2.41749952043588e-12	3.9702527793476e-12	9.15157435044814e-08
14_73	1.03711581091345e-12	1.38282108121793e-12	7.21137272178899e-09	4.81741364078816e-10	1.44516721033464e-09	2.89612500128661e-12	0.999999969368887	1.07232972387427e-08	1.07642057652745e-08
14_84	0.95883291530542	0.0411669911997545	2.45897941382561e-12	1.32322927895252e-12	3.96968769326619e-12	1.96494786367767e-09	2.41749952043582e-12	3.97025277934741e-12	9.15157435044755e-08
14_92	0.000673596763775051	0.000898129018366715	4.17800771057272e-09	5.50090790920579e-08	1.65003364283601e-07	0.998263790000195	3.94985988496051e-09	1.65323041538914e-07	0.000164090754318884
14_93	0.957303707615195	0.0410713900605573	1.4272563131098e-09	7.67503693700025e-10	2.30251098700994e-09	0.00157005163832285	1.41422735973417e-09	2.30283553871268e-09	5.48424716007529e-05
